The result of pass-1 decompression
                                                                                
                                                                                
                                                                                
                                                                                
                                                                                
                                                                                
                                                                                
                                                                                
                                                            9 8 7 6 5 4 3 2 1   
                                                  5 4 3 2 1 9 8 7 6 5 5 4 3 2 1 
                                                  4 3 2 1   8 7 6 5 4 4 3 2 1   
                                                  3 2 1     7 6 5 4 3 3 2 1     
      1                             1             2 1       6 5 4 3 2 2 1       
        2 1                       2 1             1         5 4 3 2 1 1         
        1 3 2 1                 3 2 1                       4 3 2 1             
          2 4 3 2 1           4 3 2 1                       3 2 1               
          1 3 5 4 3 2 1     5 4 3 2 1                       2 1                 
            2 4 6 6 6 6 6 6 5 4 3 2 1                       1                   
            1 3 6 6 6 6 6 6 5 4 3 2 1                                           
              5 5 5 5 5 5 5 5 4 3 2 1                                           
            4 4 4 4 4 4 4 4 4 4 3 2 1                                           
          3 3 3 3 3 3 3 3 3 3 3 3 2 1                                           
        2 2 2 2 2 2 2 2 2 2 2 2 2 2 1                                           
      1 1 1 1 1 1 1 1 1 1 1 1 1 1 1 1                                           
                                                                                

The result of pass-2 decompression
                                                            1                   
                                                          1 2 1                 
                                                        1 2 3 2 1               
                                                      1 2 3 4 3 2 1             
                                                    1 2 3 4 5 4 3 2 1           
                                                  1 2 3 4 5 6 5 4 3 2 1         
                                                1 2 3 4 5 6 7 6 5 4 3 2 1       
                                              1 2 3 4 5 6 7 8 7 6 5 4 3 2 1     
                                            1 2 3 4 5 6 7 8 9 8 7 6 5 4 3 2 1   
                                          1 2 3 4 5 5 6 7 8 9 8 7 6 5 5 4 3 2 1 
                                            1 2 3 4 4 5 6 7 8 7 6 5 4 4 3 2 1   
                                              1 2 3 3 4 5 6 7 6 5 4 3 3 2 1     
      1 1 1 1 1 1 1 1 1 1 1 1 1 1 1 1           1 2 2 3 4 5 6 5 4 3 2 2 1       
      1 2 2 2 2 2 2 2 2 2 2 2 2 2 2 1             1 1 2 3 4 5 4 3 2 1 1         
      1 2 3 3 3 3 3 3 3 3 3 3 3 3 2 1                 1 2 3 4 3 2 1             
      1 2 3 4 4 4 4 4 4 4 4 4 4 3 2 1                   1 2 3 2 1               
      1 2 3 4 5 5 5 5 5 5 5 5 4 3 2 1                     1 2 1                 
      1 2 3 4 5 6 6 6 6 6 6 5 4 3 2 1                       1                   
      1 2 3 4 5 6 6 6 6 6 6 5 4 3 2 1                                           
      1 2 3 4 5 5 5 5 5 5 5 5 4 3 2 1                                           
      1 2 3 4 4 4 4 4 4 4 4 4 4 3 2 1                                           
      1 2 3 3 3 3 3 3 3 3 3 3 3 3 2 1                                           
      1 2 2 2 2 2 2 2 2 2 2 2 2 2 2 1                                           
      1 1 1 1 1 1 1 1 1 1 1 1 1 1 1 1                                           
                                                                                

